368.9982476532
      366.5501929481
      366.5501929481
      366.5501929481
      366.5501929481
      358.4984283006
      358.999115535
       355.9964530806
      356.5034033544
      358.2504822937
      358.2504822937
      358.2504822937
      359.5981315396
      357.4020587737
      354.4526417238
      353.0510120526
      355.7521462787
      355.7521462787
      355.7521462787
      353.0969479724
      354.6989391417
      351.2019770539
      348.0020874084
      352.5027808301
      352.5027808301
      352.5027808301
      353.5977378735
      353.6969335665
      351.0964096964
      349.2469767191
      345.4984042406
      345.4984042406
      345.4984042406
      344.2972007619
      345.7002456816
      343.399597937
       342.797804518
       339.7494812217
      339.7494812217
      339.7494812217
      340.3979878947
      339.3995278931
      337.7010476931
      342.6491240983
      342.3988738956
      342.3988738956
      342.3988738956
      342.4015981532
      345.0018416405
      346.2522986002
      344.9985289332
      353.3034797122
      353.3034797122
      353.3034797122
      353.0508847901
      353.0964990095
      354.7477853254
      355.9967822077
      358.6022686078
      358.6022686078
      358.6022686078
      362.1489175521
      359.3984962719
      354.4989401111
      353.1002638005
      350.2997075672
      350.2997075672
      350.2997075672
      350.2479942131
      351.9464363878
      351.4007040797
      352.901474598
       352.8022300025
      352.8022300025
      352.8022300025
      351.4020738759
      346.2988573219
      349.0968443974
      352.0017406007
      352.8009275594
      352.8009275594
      352.8009275594
      351.1973875272
      349.5970962337
      346.0486101362
      348.1519134317
      348.1519134317
      348.1519134317
      348.1519134317
      349.1006284586
      350.0000000175
      351.0486485913
      348.7469393607
      347.3994252409
      347.3994252409
      347.3994252409
      349.0030950997
      349.0992938517
      347.8019602672
      347.5995400746
      347.9464797062
      347.9464797062
      347.9464797062
      346.7500893474
      342.9972791583
      339.8998211558
      340.3993416185
      342.0996211879
      342.0996211879
      342.0996211879
      342.4513451361
      341.5979935624
      340.997130517
       340.8989732213
      342.2484783847
      342.2484783847
      342.2484783847
      340.2000713966
      339.9470520704
      340.150322108
       339.2466147624
      339.6500615102
      339.6500615102
      339.6500615102
      342.0968792636
      342.4517346
         341.0972785026
      343.749548152
       345.8465076197
      345.8465076197
      345.8465076197
      348.2009210696
      348.8996319497
      349.1016668048
      349.3981146312
      344.5036496627
      344.5036496627
      344.5036496627
      344.5036496627
      342.9984004568
      342.7024654114
      342.7529892332
      342.548548934
       342.548548934
       342.548548934
       342.5479372442
      343.6478078513
      342.7982944193
      343.9029689218
      344.9996378832
      344.9996378832
      344.9996378832
      343.9024390764
      343.5507352378
      343.5487388209
      340.796453731
       343.9988438832
      343.9988438832
      343.9988438832
      344.2481067213
      343.7495492154
      343.802725457
       342.1977863072
      341.4000725137
      341.4000725137
      341.4000725137
      341.4000725137
      342.1519809585
      341.6035762979
      340.2031407454
      338.201924435
       338.201924435
       338.201924435
       338.0002879702
      338.3520276421
      338.4499569435
      